[gav2.jpg]
filters=Sixties=1,15.789473,00ffffff,1;finetune2=1,0.000000,0.000000,0.000000,00000000,0.426901;fill=1,0.654206;
moddate=806a5f718251ce01
width=903
height=1018
text=1;150;26;Source &#010;Code&#010;&#010;&#010;&#010; on Github;Arial;0.025713,-0.027570,0.166667,0.000000;v1,4282327840,4278190080,128.000000,1.000000,0.000000,1.000000,700,256,49152;;
textactive=1
[gav.jpg]
filters=bw=1;
moddate=00e11ce4df59ce01
width=200
height=225
textactive=0
